---
1C567E244FB970E6835C69E053AF4A56:
  login_at: 2018-05-12 11:11:56.401924319 -07:00
  num_logins: 1
  consented_at: 2018-05-11 19:51:47.446206983 -07:00
