---
1C567E244FB970E6835C69E053AF4A56:
  login_at: 2018-05-11 18:47:39.237344681 -07:00
  num_logins: 1
  consented_at: 2018-05-11 18:47:41.176899367 -07:00
