---
1C567E244FB970E6835C69E053AF4A56:
  consented_at: 2018-05-09 07:46:44.565832054 -07:00
  login_at: 2018-05-09 07:46:51.115635587 -07:00
  num_logins: 1
